
1.000000 1.000000 0.000000 3.000000 4.000000 
2.000000 1.000000 -1.000000 1.000000 1.000000 
3.000000 -1.000000 -1.000000 2.000000 -3.000000 
-1.000000 2.000000 3.000000 -1.000000 4.000000 

*******************************

 Passo 1

1.000000 1.000000 0.000000 3.000000 4.000000 
0.000000 -1.000000 -1.000000 -5.000000 1.000000 
0.000000 -4.000000 -1.000000 -7.000000 -3.000000 
0.000000 3.000000 3.000000 2.000000 4.000000 

*******************************

 Passo 2

1.000000 1.000000 0.000000 3.000000 4.000000 
0.000000 -1.000000 -1.000000 -5.000000 1.000000 
0.000000 0.000000 3.000000 13.000000 -3.000000 
0.000000 0.000000 0.000000 -13.000000 4.000000 

*******************************

 Passo 3

1.000000 1.000000 0.000000 3.000000 4.000000 
0.000000 -1.000000 -1.000000 -5.000000 1.000000 
0.000000 0.000000 3.000000 13.000000 -3.000000 
0.000000 0.000000 0.000000 -13.000000 4.000000 

*******************************

 Passo 4

1.000000 1.000000 0.000000 3.000000 4.000000 
0.000000 -1.000000 -1.000000 -5.000000 1.000000 
0.000000 0.000000 3.000000 13.000000 -3.000000 
0.000000 0.000000 0.000000 -13.000000 4.000000 

*******************************

1.000000 1.000000 0.000000 3.000000 4.000000 
0.000000 -1.000000 -1.000000 -5.000000 1.000000 
0.000000 0.000000 3.000000 13.000000 -3.000000 
0.000000 0.000000 0.000000 -13.000000 4.000000 

*******************************
x0 =  4.72
x1 =  0.21
x2 =  0.33
x3 = -0.31
